Layer: neuron_layer.weight_iv | Size: torch.Size([28, 252])

Layer: neuron_layer.weight_lat | Size: torch.Size([252, 252])

Layer: neuron_layer.thresh | Size: torch.Size([1, 252])

Layer: neuron_layer.trans_k_m | Size: torch.Size([1, 252])

Layer: neuron_layer.trans_k_j | Size: torch.Size([2, 1, 252])

Layer: neuron_layer.trans_r_j | Size: torch.Size([2, 1, 252])

Layer: neuron_layer.a_j | Size: torch.Size([2, 1, 252])

Layer: output_linear.weight | Size: torch.Size([10, 252])

Layer: output_linear.bias | Size: torch.Size([10])

inputs:
torch.Size([96, 28, 28])




(Parameter containing:
tensor([[-0.0165,  0.0271, -0.0245,  ..., -0.0522, -0.0143,  0.0239],
        [ 0.0358,  0.0219,  0.0058,  ..., -0.0026,  0.0151,  0.0559],
        [-0.0015, -0.0594,  0.0152,  ..., -0.0405,  0.0406,  0.0381],
        ...,
        [ 0.0454,  0.0569,  0.0178,  ..., -0.0182,  0.0013, -0.0413],
        [ 0.0335, -0.0027,  0.0182,  ...,  0.0064,  0.0133,  0.0397],
        [-0.0224, -0.0423, -0.0567,  ..., -0.0228, -0.0391, -0.0522]],
       requires_grad=True), Parameter containing:
tensor([[-0.0294, -0.0362,  0.0163,  ...,  0.0006,  0.0291,  0.0190],
        [ 0.0612,  0.0258, -0.0272,  ..., -0.0157,  0.0592,  0.0433],
        [ 0.0040, -0.0469,  0.0520,  ...,  0.0096, -0.0279,  0.0271],
        ...,
        [-0.0113, -0.0591,  0.0022,  ..., -0.0250,  0.0603, -0.0086],
        [-0.0417,  0.0224, -0.0165,  ..., -0.0119,  0.0302, -0.0203],
        [-0.0292,  0.0442, -0.0392,  ...,  0.0324,  0.0104, -0.0036]],
       requires_grad=True), Parameter containing:
tensor([[1., 1., 1., 1., 1., 1., 1., 1., 1., 1., 1., 1., 1., 1., 1., 1., 1., 1.,
         1., 1., 1., 1., 1., 1., 1., 1., 1., 1., 1., 1., 1., 1., 1., 1., 1., 1.,
         1., 1., 1., 1., 1., 1., 1., 1., 1., 1., 1., 1., 1., 1., 1., 1., 1., 1.,
         1., 1., 1., 1., 1., 1., 1., 1., 1., 1., 1., 1., 1., 1., 1., 1., 1., 1.,
         1., 1., 1., 1., 1., 1., 1., 1., 1., 1., 1., 1., 1., 1., 1., 1., 1., 1.,
         1., 1., 1., 1., 1., 1., 1., 1., 1., 1., 1., 1., 1., 1., 1., 1., 1., 1.,
         1., 1., 1., 1., 1., 1., 1., 1., 1., 1., 1., 1., 1., 1., 1., 1., 1., 1.,
         1., 1., 1., 1., 1., 1., 1., 1., 1., 1., 1., 1., 1., 1., 1., 1., 1., 1.,
         1., 1., 1., 1., 1., 1., 1., 1., 1., 1., 1., 1., 1., 1., 1., 1., 1., 1.,
         1., 1., 1., 1., 1., 1., 1., 1., 1., 1., 1., 1., 1., 1., 1., 1., 1., 1.,
         1., 1., 1., 1., 1., 1., 1., 1., 1., 1., 1., 1., 1., 1., 1., 1., 1., 1.,
         1., 1., 1., 1., 1., 1., 1., 1., 1., 1., 1., 1., 1., 1., 1., 1., 1., 1.,
         1., 1., 1., 1., 1., 1., 1., 1., 1., 1., 1., 1., 1., 1., 1., 1., 1., 1.,
         1., 1., 1., 1., 1., 1., 1., 1., 1., 1., 1., 1., 1., 1., 1., 1., 1., 1.]],
       requires_grad=True), Parameter containing:
tensor([[-5.9890, -5.9890, -5.9890, -5.9890, -5.9890, -5.9890, -5.9890, -5.9890,
         -5.9890, -5.9890, -5.9890, -5.9890, -5.9890, -5.9890, -5.9890, -5.9890,
         -5.9890, -5.9890, -5.9890, -5.9890, -5.9890, -5.9890, -5.9890, -5.9890,
         -5.9890, -5.9890, -5.9890, -5.9890, -5.9890, -5.9890, -5.9890, -5.9890,
         -5.9890, -5.9890, -5.9890, -5.9890, -5.9890, -5.9890, -5.9890, -5.9890,
         -5.9890, -5.9890, -5.9890, -5.9890, -5.9890, -5.9890, -5.9890, -5.9890,
         -5.9890, -5.9890, -5.9890, -5.9890, -5.9890, -5.9890, -5.9890, -5.9890,
         -5.9890, -5.9890, -5.9890, -5.9890, -5.9890, -5.9890, -5.9890, -5.9890,
         -5.9890, -5.9890, -5.9890, -5.9890, -5.9890, -5.9890, -5.9890, -5.9890,
         -5.9890, -5.9890, -5.9890, -5.9890, -5.9890, -5.9890, -5.9890, -5.9890,
         -5.9890, -5.9890, -5.9890, -5.9890, -5.9890, -5.9890, -5.9890, -5.9890,
         -5.9890, -5.9890, -5.9890, -5.9890, -5.9890, -5.9890, -5.9890, -5.9890,
         -5.9890, -5.9890, -5.9890, -5.9890, -5.9890, -5.9890, -5.9890, -5.9890,
         -5.9890, -5.9890, -5.9890, -5.9890, -5.9890, -5.9890, -5.9890, -5.9890,
         -5.9890, -5.9890, -5.9890, -5.9890, -5.9890, -5.9890, -5.9890, -5.9890,
         -5.9890, -5.9890, -5.9890, -5.9890, -5.9890, -5.9890, -5.9890, -5.9890,
         -5.9890, -5.9890, -5.9890, -5.9890, -5.9890, -5.9890, -5.9890, -5.9890,
         -5.9890, -5.9890, -5.9890, -5.9890, -5.9890, -5.9890, -5.9890, -5.9890,
         -5.9890, -5.9890, -5.9890, -5.9890, -5.9890, -5.9890, -5.9890, -5.9890,
         -5.9890, -5.9890, -5.9890, -5.9890, -5.9890, -5.9890, -5.9890, -5.9890,
         -5.9890, -5.9890, -5.9890, -5.9890, -5.9890, -5.9890, -5.9890, -5.9890,
         -5.9890, -5.9890, -5.9890, -5.9890, -5.9890, -5.9890, -5.9890, -5.9890,
         -5.9890, -5.9890, -5.9890, -5.9890, -5.9890, -5.9890, -5.9890, -5.9890,
         -5.9890, -5.9890, -5.9890, -5.9890, -5.9890, -5.9890, -5.9890, -5.9890,
         -5.9890, -5.9890, -5.9890, -5.9890, -5.9890, -5.9890, -5.9890, -5.9890,
         -5.9890, -5.9890, -5.9890, -5.9890, -5.9890, -5.9890, -5.9890, -5.9890,
         -5.9890, -5.9890, -5.9890, -5.9890, -5.9890, -5.9890, -5.9890, -5.9890,
         -5.9890, -5.9890, -5.9890, -5.9890, -5.9890, -5.9890, -5.9890, -5.9890,
         -5.9890, -5.9890, -5.9890, -5.9890, -5.9890, -5.9890, -5.9890, -5.9890,
         -5.9890, -5.9890, -5.9890, -5.9890, -5.9890, -5.9890, -5.9890, -5.9890,
         -5.9890, -5.9890, -5.9890, -5.9890, -5.9890, -5.9890, -5.9890, -5.9890,
         -5.9890, -5.9890, -5.9890, -5.9890]], requires_grad=True), Parameter containing:
tensor([[[-2.1972, -2.1972, -2.1972, -2.1972, -2.1972, -2.1972, -2.1972,
          -2.1972, -2.1972, -2.1972, -2.1972, -2.1972, -2.1972, -2.1972,
          -2.1972, -2.1972, -2.1972, -2.1972, -2.1972, -2.1972, -2.1972,
          -2.1972, -2.1972, -2.1972, -2.1972, -2.1972, -2.1972, -2.1972,
          -2.1972, -2.1972, -2.1972, -2.1972, -2.1972, -2.1972, -2.1972,
          -2.1972, -2.1972, -2.1972, -2.1972, -2.1972, -2.1972, -2.1972,
          -2.1972, -2.1972, -2.1972, -2.1972, -2.1972, -2.1972, -2.1972,
          -2.1972, -2.1972, -2.1972, -2.1972, -2.1972, -2.1972, -2.1972,
          -2.1972, -2.1972, -2.1972, -2.1972, -2.1972, -2.1972, -2.1972,
          -2.1972, -2.1972, -2.1972, -2.1972, -2.1972, -2.1972, -2.1972,
          -2.1972, -2.1972, -2.1972, -2.1972, -2.1972, -2.1972, -2.1972,
          -2.1972, -2.1972, -2.1972, -2.1972, -2.1972, -2.1972, -2.1972,
          -2.1972, -2.1972, -2.1972, -2.1972, -2.1972, -2.1972, -2.1972,
          -2.1972, -2.1972, -2.1972, -2.1972, -2.1972, -2.1972, -2.1972,
          -2.1972, -2.1972, -2.1972, -2.1972, -2.1972, -2.1972, -2.1972,
          -2.1972, -2.1972, -2.1972, -2.1972, -2.1972, -2.1972, -2.1972,
          -2.1972, -2.1972, -2.1972, -2.1972, -2.1972, -2.1972, -2.1972,
          -2.1972, -2.1972, -2.1972, -2.1972, -2.1972, -2.1972, -2.1972,
          -2.1972, -2.1972, -2.1972, -2.1972, -2.1972, -2.1972, -2.1972,
          -2.1972, -2.1972, -2.1972, -2.1972, -2.1972, -2.1972, -2.1972,
          -2.1972, -2.1972, -2.1972, -2.1972, -2.1972, -2.1972, -2.1972,
          -2.1972, -2.1972, -2.1972, -2.1972, -2.1972, -2.1972, -2.1972,
          -2.1972, -2.1972, -2.1972, -2.1972, -2.1972, -2.1972, -2.1972,
          -2.1972, -2.1972, -2.1972, -2.1972, -2.1972, -2.1972, -2.1972,
          -2.1972, -2.1972, -2.1972, -2.1972, -2.1972, -2.1972, -2.1972,
          -2.1972, -2.1972, -2.1972, -2.1972, -2.1972, -2.1972, -2.1972,
          -2.1972, -2.1972, -2.1972, -2.1972, -2.1972, -2.1972, -2.1972,
          -2.1972, -2.1972, -2.1972, -2.1972, -2.1972, -2.1972, -2.1972,
          -2.1972, -2.1972, -2.1972, -2.1972, -2.1972, -2.1972, -2.1972,
          -2.1972, -2.1972, -2.1972, -2.1972, -2.1972, -2.1972, -2.1972,
          -2.1972, -2.1972, -2.1972, -2.1972, -2.1972, -2.1972, -2.1972,
          -2.1972, -2.1972, -2.1972, -2.1972, -2.1972, -2.1972, -2.1972,
          -2.1972, -2.1972, -2.1972, -2.1972, -2.1972, -2.1972, -2.1972,
          -2.1972, -2.1972, -2.1972, -2.1972, -2.1972, -2.1972, -2.1972,
          -2.1972, -2.1972, -2.1972, -2.1972, -2.1972, -2.1972, -2.1972,
          -2.1972, -2.1972, -2.1972, -2.1972, -2.1972, -2.1972, -2.1972]],

        [[-2.1972, -2.1972, -2.1972, -2.1972, -2.1972, -2.1972, -2.1972,
          -2.1972, -2.1972, -2.1972, -2.1972, -2.1972, -2.1972, -2.1972,
          -2.1972, -2.1972, -2.1972, -2.1972, -2.1972, -2.1972, -2.1972,
          -2.1972, -2.1972, -2.1972, -2.1972, -2.1972, -2.1972, -2.1972,
          -2.1972, -2.1972, -2.1972, -2.1972, -2.1972, -2.1972, -2.1972,
          -2.1972, -2.1972, -2.1972, -2.1972, -2.1972, -2.1972, -2.1972,
          -2.1972, -2.1972, -2.1972, -2.1972, -2.1972, -2.1972, -2.1972,
          -2.1972, -2.1972, -2.1972, -2.1972, -2.1972, -2.1972, -2.1972,
          -2.1972, -2.1972, -2.1972, -2.1972, -2.1972, -2.1972, -2.1972,
          -2.1972, -2.1972, -2.1972, -2.1972, -2.1972, -2.1972, -2.1972,
          -2.1972, -2.1972, -2.1972, -2.1972, -2.1972, -2.1972, -2.1972,
          -2.1972, -2.1972, -2.1972, -2.1972, -2.1972, -2.1972, -2.1972,
          -2.1972, -2.1972, -2.1972, -2.1972, -2.1972, -2.1972, -2.1972,
          -2.1972, -2.1972, -2.1972, -2.1972, -2.1972, -2.1972, -2.1972,
          -2.1972, -2.1972, -2.1972, -2.1972, -2.1972, -2.1972, -2.1972,
          -2.1972, -2.1972, -2.1972, -2.1972, -2.1972, -2.1972, -2.1972,
          -2.1972, -2.1972, -2.1972, -2.1972, -2.1972, -2.1972, -2.1972,
          -2.1972, -2.1972, -2.1972, -2.1972, -2.1972, -2.1972, -2.1972,
          -2.1972, -2.1972, -2.1972, -2.1972, -2.1972, -2.1972, -2.1972,
          -2.1972, -2.1972, -2.1972, -2.1972, -2.1972, -2.1972, -2.1972,
          -2.1972, -2.1972, -2.1972, -2.1972, -2.1972, -2.1972, -2.1972,
          -2.1972, -2.1972, -2.1972, -2.1972, -2.1972, -2.1972, -2.1972,
          -2.1972, -2.1972, -2.1972, -2.1972, -2.1972, -2.1972, -2.1972,
          -2.1972, -2.1972, -2.1972, -2.1972, -2.1972, -2.1972, -2.1972,
          -2.1972, -2.1972, -2.1972, -2.1972, -2.1972, -2.1972, -2.1972,
          -2.1972, -2.1972, -2.1972, -2.1972, -2.1972, -2.1972, -2.1972,
          -2.1972, -2.1972, -2.1972, -2.1972, -2.1972, -2.1972, -2.1972,
          -2.1972, -2.1972, -2.1972, -2.1972, -2.1972, -2.1972, -2.1972,
          -2.1972, -2.1972, -2.1972, -2.1972, -2.1972, -2.1972, -2.1972,
          -2.1972, -2.1972, -2.1972, -2.1972, -2.1972, -2.1972, -2.1972,
          -2.1972, -2.1972, -2.1972, -2.1972, -2.1972, -2.1972, -2.1972,
          -2.1972, -2.1972, -2.1972, -2.1972, -2.1972, -2.1972, -2.1972,
          -2.1972, -2.1972, -2.1972, -2.1972, -2.1972, -2.1972, -2.1972,
          -2.1972, -2.1972, -2.1972, -2.1972, -2.1972, -2.1972, -2.1972,
          -2.1972, -2.1972, -2.1972, -2.1972, -2.1972, -2.1972, -2.1972,
          -2.1972, -2.1972, -2.1972, -2.1972, -2.1972, -2.1972, -2.1972]]],
       requires_grad=True), Parameter containing:
tensor([[[ 1.5896e-02,  1.7979e-02,  8.4311e-03, -7.0915e-03,  9.2398e-03,
           1.7589e-02, -9.0486e-03,  4.9840e-03,  1.3583e-02,  1.6721e-02,
          -3.1395e-03,  1.0962e-02,  6.3137e-04,  1.9553e-02,  1.8864e-02,
          -3.0913e-03, -7.2696e-03,  3.2974e-03,  1.5127e-02,  1.2278e-02,
          -7.8942e-04,  4.5932e-03,  9.8534e-03,  4.5018e-03,  1.1097e-02,
          -9.8142e-03, -1.2923e-02, -1.2145e-02, -8.1821e-03, -1.5555e-02,
           3.1642e-03,  3.9577e-05, -1.4145e-02,  1.4459e-04,  1.9072e-02,
          -1.6943e-03,  1.2517e-02,  1.4065e-02,  1.8515e-02, -1.0364e-02,
           1.8524e-02,  3.9465e-03,  2.3126e-03, -1.9452e-02, -7.1020e-03,
          -3.6359e-04,  2.2945e-04,  1.2926e-02,  1.0945e-02,  2.1993e-03,
           3.3302e-04, -1.2330e-02, -1.0682e-02, -6.9654e-03,  1.1077e-02,
           1.1528e-02, -2.9757e-03, -2.7605e-03, -2.6015e-03, -1.4272e-02,
          -1.8130e-02, -1.2766e-02, -1.2301e-02,  7.0290e-03,  8.0926e-03,
          -1.2832e-02, -1.3478e-02,  1.5320e-02, -8.0834e-03, -9.6829e-03,
           1.1340e-02, -6.8886e-03, -9.7209e-03, -3.9116e-03, -1.4739e-02,
          -1.4198e-02,  9.8060e-03, -1.8927e-02,  1.1458e-02,  8.2268e-03,
           1.4499e-02, -1.3833e-02, -1.0292e-02,  8.2677e-03, -1.1173e-02,
          -7.9242e-03,  6.4727e-03,  1.9787e-02, -9.4019e-03,  1.5880e-02,
           2.9486e-03, -9.6167e-03,  9.1320e-04, -1.0187e-02, -1.4339e-02,
          -1.8625e-02, -5.2431e-03, -1.5547e-02,  1.7028e-02,  4.6985e-03,
          -1.6986e-02,  3.5597e-03,  1.2680e-02, -1.1211e-02,  1.5235e-02,
          -9.3608e-03, -8.9600e-03,  5.1155e-03, -1.4942e-02,  1.6312e-02,
          -1.8758e-02,  3.2927e-03,  1.2530e-02,  1.7660e-02, -2.5416e-03,
           5.0822e-03,  4.4476e-03,  5.7283e-03, -7.5531e-03,  3.4731e-03,
           1.4483e-04, -1.1636e-02, -9.3601e-03,  1.7864e-02,  1.9883e-02,
           1.8154e-02,  1.1272e-02, -1.6176e-02,  6.8014e-03, -1.9005e-02,
          -1.6582e-02,  1.5633e-02,  1.1149e-02,  4.8637e-03,  8.1757e-03,
           1.4799e-02, -2.6262e-03,  1.8654e-02, -1.3531e-02,  4.7017e-04,
          -9.3417e-03, -1.9388e-02, -6.2788e-03, -7.6528e-03,  1.3627e-02,
           1.0305e-03, -1.8817e-02, -6.6526e-03, -4.8992e-03, -1.0045e-02,
          -6.6122e-03, -2.5442e-04, -7.2248e-03, -1.2237e-02,  1.4168e-02,
           8.2770e-03, -2.6127e-03,  1.9901e-02,  8.2958e-03, -8.0247e-03,
           1.2255e-02,  1.1673e-02, -1.7925e-02, -1.0621e-02, -3.2873e-03,
          -1.5326e-02, -8.0464e-03, -1.5370e-02,  1.8472e-02, -3.2153e-03,
           1.3919e-02,  1.7402e-02,  1.8195e-02, -1.3725e-02,  2.5506e-03,
           3.5167e-03,  2.9571e-03, -8.9155e-03, -4.8371e-03,  7.8714e-03,
          -5.6888e-03, -3.6598e-03, -1.5218e-02,  1.9944e-02,  1.3909e-02,
          -1.6600e-02, -3.9414e-03, -1.1359e-02,  3.3957e-03, -2.4073e-03,
           1.4236e-02,  1.3106e-02, -1.0967e-02,  1.2803e-02,  1.9319e-03,
           1.4020e-02, -1.5918e-02, -9.2329e-03, -1.8993e-03,  1.7715e-02,
          -3.9257e-03,  1.3943e-02, -1.8138e-02, -8.0484e-03,  9.9724e-03,
           2.5034e-05, -7.8696e-03, -1.6217e-02,  8.4727e-03,  2.6295e-03,
           2.8817e-03,  1.7433e-02, -4.2649e-03, -1.4972e-02,  7.8856e-03,
           1.7496e-02, -9.2073e-03,  6.3913e-03,  1.2430e-02,  9.6289e-03,
           1.6509e-02,  1.5327e-02,  9.4407e-03,  1.6442e-02,  1.5315e-02,
          -1.9538e-02,  1.2952e-02,  1.7142e-02,  1.0109e-02, -6.1274e-03,
          -1.8691e-02,  3.8800e-03, -8.2610e-03, -1.3707e-02, -1.8426e-02,
           6.7711e-03,  8.6213e-03, -1.8511e-02,  8.8544e-03,  1.0004e-02,
          -1.3848e-02, -1.4975e-02, -1.3116e-03,  4.7804e-03, -1.7533e-02,
           1.2125e-02,  1.0360e-02, -1.3258e-02,  1.7286e-03,  1.8093e-02,
           1.4092e-02, -1.9803e-02]],

        [[ 1.9097e-02,  1.3433e-02, -2.7483e-03,  1.4457e-02, -1.4010e-02,
           1.4471e-02, -1.2852e-02,  1.8962e-02, -5.1255e-03, -1.1850e-02,
          -1.6205e-02, -1.2746e-02,  9.0015e-03,  1.5609e-02,  1.9686e-02,
           1.2503e-02,  1.9758e-02, -1.7881e-02,  1.0896e-02,  8.9871e-03,
           1.4240e-02,  1.3711e-02,  7.8791e-03, -8.1599e-03,  4.5867e-03,
           1.4042e-02,  5.7962e-03,  6.7297e-03, -5.7888e-03, -7.4456e-03,
           1.5588e-02, -5.2953e-03,  9.9782e-03, -1.6040e-02,  1.6623e-02,
           1.9362e-02, -1.6988e-02,  1.2185e-02, -3.8326e-03, -5.4813e-03,
          -8.5246e-03,  7.6718e-04, -4.7731e-04,  8.1298e-03,  1.0255e-02,
          -1.3926e-02, -2.9229e-03, -1.2562e-02, -4.8790e-03,  1.5429e-03,
          -1.7446e-02,  1.7481e-02, -2.5383e-03,  3.9033e-04, -1.6153e-02,
           1.4897e-02, -5.8282e-03,  1.7137e-02,  1.2084e-02, -9.0026e-04,
           7.5613e-03, -4.0722e-03, -1.5187e-02,  9.3973e-03, -1.5720e-02,
          -6.1867e-03,  3.3922e-03,  1.3669e-03,  2.2855e-03, -8.1967e-03,
          -1.6788e-02, -1.8931e-02, -1.9839e-02,  9.4169e-03,  6.2607e-03,
          -2.0238e-03, -1.7220e-02,  1.4836e-02, -1.2023e-02,  7.6289e-04,
           1.3907e-02, -5.3804e-03, -1.4043e-02, -2.4590e-03,  1.0933e-02,
          -4.8053e-03, -8.7422e-03, -1.9010e-02,  2.6604e-03,  2.5062e-03,
           3.7136e-03, -1.6239e-02,  1.8602e-02,  9.0921e-03, -1.4472e-02,
           1.6594e-03, -1.1955e-02, -1.9393e-03,  8.1505e-03,  1.5995e-02,
          -1.5827e-02, -5.7894e-03, -7.8920e-03,  5.9233e-03,  1.5061e-03,
           1.3626e-02, -1.1778e-02,  1.4429e-02,  1.2737e-02,  6.3252e-03,
          -7.8841e-03, -1.3234e-02, -1.8187e-02, -8.2968e-03, -8.0154e-03,
           5.9225e-03,  8.4255e-03, -1.6040e-02,  3.8625e-03, -1.3067e-02,
          -3.7080e-03, -1.8810e-02, -1.6757e-02,  3.4762e-03, -1.0002e-02,
           1.3354e-02,  4.1417e-04,  1.3035e-02,  1.5619e-02, -9.3540e-04,
           4.9929e-03, -2.4168e-03,  4.7369e-03,  2.0175e-03, -1.1760e-02,
           4.0571e-04,  1.6176e-02,  7.5446e-03, -1.5256e-03,  9.4827e-03,
           1.3808e-02,  6.4759e-03,  1.8844e-02, -8.8073e-03, -1.3676e-02,
          -5.3933e-03, -1.1297e-02, -7.4344e-03,  1.8726e-02,  1.8422e-02,
           1.6141e-02,  2.9738e-03,  1.6935e-02, -1.8523e-02, -8.5876e-03,
          -8.9392e-03, -1.8572e-02, -1.8246e-02, -1.5816e-02, -4.1004e-03,
          -1.1292e-02,  2.8489e-03, -1.9728e-02, -1.3995e-02,  1.1818e-02,
           1.9965e-02, -6.9292e-03,  1.1960e-02,  4.9906e-03,  3.6819e-03,
          -1.0258e-02, -1.6707e-02,  1.1443e-02, -1.1780e-02,  1.2556e-02,
          -1.3751e-03, -8.8832e-04,  1.6555e-02,  1.0071e-02, -9.4433e-03,
           1.6439e-02, -1.6526e-02, -4.1071e-03, -1.6598e-02, -6.1268e-04,
           1.6916e-02, -4.3476e-03, -1.4739e-02,  1.9588e-02,  1.0196e-02,
          -1.6497e-02,  4.0054e-05, -7.2244e-03, -8.6397e-03,  3.9244e-03,
          -1.9031e-02,  1.8928e-02,  1.2774e-02,  5.4583e-03,  3.9644e-03,
           5.2965e-03,  6.6876e-03, -6.6946e-04,  1.5411e-02, -9.6124e-03,
          -4.2282e-03,  7.7970e-03, -9.6390e-03,  1.5736e-02, -1.1791e-02,
           5.2533e-03,  1.7925e-02,  1.3753e-02, -1.7662e-04, -1.8202e-02,
          -1.4133e-02,  1.0534e-02,  5.7926e-03, -1.4112e-02, -9.8837e-03,
           7.3172e-03,  7.6526e-03,  1.8012e-02, -1.6003e-02,  1.5589e-02,
          -1.9109e-02,  3.3524e-03, -4.5899e-03, -1.6605e-02, -1.7981e-02,
          -4.8249e-03, -8.1327e-03,  8.6955e-03, -7.5419e-03, -7.7835e-03,
           8.6728e-03,  1.7029e-02,  1.0250e-02,  1.2404e-02,  1.4160e-02,
          -8.1321e-03,  1.2256e-02,  1.4343e-02, -9.1120e-03,  1.1927e-03,
          -6.9287e-03, -1.1509e-03,  5.5547e-03,  1.5594e-02,  1.2656e-02,
           5.4748e-03, -1.1819e-02]]], requires_grad=True), Parameter containing:
tensor([[[-7.0962e-04,  7.5721e-03,  4.0798e-03, -2.2589e-03, -6.1172e-03,
          -7.5967e-03, -3.5130e-03, -6.1334e-03, -5.5372e-03, -7.1387e-03,
           6.6673e-03,  6.0374e-03,  1.1645e-03, -6.9675e-03, -1.6804e-03,
           4.3817e-03, -5.6104e-03, -9.9728e-03,  7.9905e-03,  7.3189e-04,
           2.2986e-05, -7.4850e-03,  3.9613e-04,  4.8995e-03,  9.8414e-04,
           6.9336e-03, -7.9159e-03, -7.9373e-03, -7.0866e-03,  6.9966e-03,
          -4.2255e-04, -8.1279e-03,  4.0454e-03, -4.3905e-03,  3.5630e-03,
          -7.9338e-04, -9.2549e-03, -1.8709e-03, -7.6866e-03, -8.2491e-03,
          -1.6638e-03,  6.6293e-03, -4.9084e-03, -5.5374e-03,  7.3624e-03,
           6.4048e-03, -6.9349e-03, -6.2736e-03,  5.8954e-03,  4.3843e-03,
          -8.6377e-03, -6.8392e-03,  7.7209e-03, -9.6123e-03,  2.7347e-03,
          -7.1716e-03, -1.1734e-03,  3.3565e-04, -7.0228e-03,  6.9130e-03,
          -7.4646e-03,  4.9404e-03, -3.9193e-03, -1.3839e-03, -9.6519e-03,
          -1.1179e-03, -2.4786e-03, -4.8271e-03, -2.0805e-03, -2.3893e-03,
           8.3912e-03,  8.4902e-03, -5.4580e-04,  6.7581e-03, -8.4845e-03,
           9.2666e-03, -8.6801e-03, -2.3293e-03,  4.2674e-03,  4.6084e-03,
           2.6508e-03,  2.9706e-03,  8.6392e-03, -7.1889e-03, -6.9258e-03,
           6.2090e-03,  9.7722e-03, -4.2720e-03, -8.8809e-03,  8.3113e-03,
           6.0563e-03,  9.9224e-03, -9.1761e-03, -6.5039e-03,  3.6605e-04,
          -3.8197e-03, -6.0534e-03, -5.8949e-03, -8.7004e-03,  8.0305e-04,
           6.3277e-03,  6.6460e-03, -4.1705e-03, -3.8699e-03, -7.8811e-03,
          -2.5230e-03,  7.6208e-03, -2.8068e-03,  9.3574e-03,  8.9080e-03,
          -5.7737e-03,  3.4412e-03,  7.2330e-03,  1.2956e-03, -6.4785e-03,
          -4.6861e-03, -7.5610e-03,  2.9937e-03, -4.3469e-03, -7.7670e-03,
           3.7939e-03, -6.4964e-03, -3.8456e-04, -1.2129e-03,  8.9445e-03,
          -3.4182e-03,  3.8307e-03, -8.8184e-03, -9.7606e-03, -7.9960e-03,
          -9.6551e-03, -1.7314e-03, -9.5813e-04,  5.4396e-03, -1.1093e-03,
           3.3648e-05,  7.4426e-03, -4.5262e-04, -4.5406e-03, -4.2331e-03,
           8.4483e-03, -3.3780e-03, -3.4055e-04, -8.6768e-03,  4.7124e-03,
          -2.1583e-03, -3.2061e-03, -9.8915e-04, -9.1767e-03, -8.6661e-03,
           5.5588e-03,  1.6864e-03, -4.4293e-04,  8.7325e-03, -3.5612e-03,
           7.6684e-03,  7.2678e-03, -8.9252e-05, -5.0811e-03,  7.7795e-03,
           6.4974e-03, -3.7890e-03, -7.2940e-03, -6.9765e-03, -4.2627e-03,
          -5.8681e-03, -7.1284e-03, -4.9002e-03,  3.9079e-03,  8.5570e-03,
          -3.8853e-03, -7.1230e-03, -2.0150e-03, -1.4186e-03,  7.3575e-03,
          -4.6423e-03, -6.5518e-03, -9.6593e-03,  8.2285e-04, -2.3793e-03,
           5.5219e-03,  2.6350e-03,  9.0316e-04,  9.5805e-04,  8.9189e-03,
           7.1844e-03,  9.1566e-03, -6.7853e-03,  6.7065e-03, -1.2384e-03,
          -9.2628e-03, -1.1158e-03,  7.0600e-03,  5.7319e-04, -2.7486e-03,
           8.3175e-03,  7.1898e-04, -1.0414e-03,  7.5877e-03, -6.3838e-03,
           6.8910e-03,  4.6730e-03,  2.3901e-04,  4.2210e-04, -6.9154e-03,
          -2.8415e-03,  4.4038e-03, -5.5757e-03, -3.8385e-03, -6.6475e-03,
           1.6512e-03, -3.3969e-03, -9.6956e-03,  9.7894e-03, -4.8927e-03,
          -4.0072e-03,  7.4274e-03, -8.1072e-03,  7.6106e-03, -5.5855e-03,
           7.7711e-03,  3.9865e-03, -5.7556e-03,  4.4007e-03, -4.1640e-03,
          -6.1430e-03,  6.3714e-04,  7.9029e-03,  9.0851e-03,  1.0140e-03,
          -5.4927e-03,  4.9534e-03, -1.0296e-03,  7.6615e-03,  7.6919e-03,
           6.8291e-03,  6.9261e-03, -5.2273e-03,  8.0457e-03,  5.9136e-03,
          -5.0780e-03, -6.3307e-03,  6.8565e-03, -2.5470e-03, -6.5565e-03,
          -5.2158e-03, -5.4834e-03,  2.4078e-03,  8.3660e-03,  8.6556e-03,
          -6.1608e-04,  2.7932e-03]],

        [[ 2.3906e-03,  7.6321e-03, -8.8681e-03,  3.3816e-03, -1.1841e-03,
           2.3846e-03, -3.7457e-03, -2.8875e-03,  8.8588e-03,  5.0014e-03,
           7.3577e-04, -4.3352e-03, -2.6592e-03,  7.5595e-03, -4.1247e-03,
          -5.6417e-03,  8.1483e-03, -6.4552e-03, -9.3594e-03,  1.2289e-03,
           8.0852e-03, -6.3985e-03, -2.2055e-03,  8.7576e-03, -2.8003e-03,
          -8.1086e-03,  8.0659e-03,  4.2442e-03, -9.2457e-03, -5.5448e-03,
          -7.5931e-03, -8.5663e-03, -7.2053e-03, -8.5039e-03, -3.6888e-03,
          -8.2552e-03, -6.3196e-03,  3.9087e-03,  1.4749e-03,  2.2109e-03,
          -3.4947e-03,  5.6624e-03, -5.4282e-03,  4.8398e-03, -2.3903e-03,
           6.1227e-03,  3.7319e-03,  9.4238e-03,  8.9430e-03,  8.3343e-03,
           3.1319e-03, -1.2461e-06,  6.7827e-03,  2.5254e-03,  2.6062e-03,
          -7.4951e-03, -8.6983e-03,  3.0743e-03,  4.2361e-03,  4.1524e-03,
           4.6908e-03, -4.0670e-03,  7.3901e-03,  1.9415e-03, -9.2278e-03,
          -2.6230e-03, -8.7205e-03,  8.8378e-03,  4.1117e-03, -4.6891e-03,
           9.1419e-03, -2.9766e-03,  7.5581e-03, -4.4883e-03, -8.1686e-04,
           4.3575e-03, -9.8436e-03,  7.3226e-03, -2.4083e-03,  6.6161e-03,
           3.1809e-03,  5.1993e-03,  1.4505e-04, -1.2256e-03, -5.3968e-04,
           8.4251e-03,  9.8761e-03,  8.6455e-03, -7.8125e-03,  4.8546e-03,
           8.2265e-03,  5.7985e-03, -3.7960e-03,  1.9852e-03, -7.7116e-03,
           5.3052e-03,  2.8985e-03,  3.5289e-03, -7.0449e-03,  7.6434e-03,
          -8.7032e-03,  1.3952e-03, -7.3605e-03,  8.7530e-03,  9.9234e-03,
          -3.7696e-03, -4.8788e-03, -5.8314e-05, -8.1043e-03, -4.1198e-03,
          -5.4842e-03, -6.0738e-03, -3.2019e-03,  5.0992e-03, -2.9718e-03,
          -1.8805e-03,  9.1645e-03, -9.8807e-03, -1.5125e-03, -3.3921e-03,
          -6.5194e-03,  8.2134e-03, -4.8750e-03, -9.4096e-03,  8.3328e-03,
          -8.4593e-03,  4.1001e-03,  2.5075e-03,  7.0741e-03, -7.4596e-04,
           6.9101e-03, -2.5453e-03, -7.9510e-04,  7.1943e-03,  4.1949e-03,
          -3.8029e-03,  4.2872e-03, -3.2450e-03, -1.9978e-03, -4.0055e-03,
           7.4497e-03, -5.8629e-03, -7.1820e-03, -7.8766e-03, -2.3509e-03,
          -8.4026e-03,  1.7518e-03, -7.9976e-03,  7.2330e-03, -4.4388e-03,
          -7.8561e-03,  3.8394e-03, -8.4031e-04,  8.5962e-05,  5.7286e-03,
           8.5992e-03, -5.9949e-03,  8.7418e-03, -4.0636e-03,  4.2066e-03,
          -1.6766e-03,  5.9410e-03, -2.7852e-03, -5.8219e-03,  6.3557e-05,
          -2.9321e-03,  7.0533e-03,  5.8509e-03, -9.8967e-03,  1.5152e-03,
          -9.2018e-03, -6.1185e-03, -8.9869e-03, -4.4344e-03, -6.5694e-03,
          -4.1351e-03,  6.0241e-03, -5.2506e-03,  1.5528e-03,  7.5116e-03,
          -8.3415e-03,  7.7878e-03,  1.0723e-03,  7.6383e-03,  3.6859e-03,
           4.6379e-03, -6.6932e-03,  6.3821e-03,  7.2512e-03, -1.8860e-03,
          -2.4156e-03,  5.9740e-03,  3.7798e-03,  1.4329e-03, -2.2664e-03,
          -7.2187e-03,  3.8244e-03,  6.9650e-03,  5.4035e-03,  9.2890e-03,
           6.4592e-03, -2.4308e-03,  2.3390e-03, -8.8314e-03, -6.0404e-03,
           8.2810e-04, -3.3539e-04, -3.3522e-03, -1.7843e-03, -4.6229e-03,
          -2.5318e-03, -8.1479e-03, -9.5222e-04,  2.9016e-03,  2.9621e-03,
          -8.9228e-04,  4.9600e-03,  3.4163e-03,  9.7856e-04, -9.6099e-03,
          -5.4317e-03,  9.7762e-03, -7.0809e-03, -5.9437e-03,  6.8045e-03,
           8.9411e-03,  7.0173e-03, -9.9206e-03,  4.9495e-03,  1.1187e-03,
           4.3045e-04, -3.3853e-03, -5.7700e-03,  3.6596e-03,  4.3844e-03,
           6.7036e-03,  2.9745e-03, -3.6468e-03,  5.8746e-03, -9.9891e-03,
          -7.9515e-03,  5.2120e-03,  3.3797e-03,  1.4494e-03,  4.3495e-03,
          -4.8588e-03, -9.2746e-03, -7.6284e-03,  7.0418e-03,  6.5171e-03,
           3.3144e-04,  9.2489e-04]]], requires_grad=True), Parameter containing:
tensor([[ 0.0444,  0.0584, -0.0226,  ..., -0.0187,  0.0423, -0.0566],
        [-0.0234,  0.0003, -0.0572,  ...,  0.0070, -0.0176, -0.0218],
        [-0.0027,  0.0342,  0.0547,  ..., -0.0126, -0.0004, -0.0332],
        ...,
        [-0.0162,  0.0135, -0.0364,  ...,  0.0010, -0.0033,  0.0568],
        [-0.0596, -0.0381, -0.0124,  ..., -0.0168,  0.0449, -0.0255],
        [ 0.0216, -0.0057,  0.0377,  ..., -0.0245, -0.0216, -0.0515]],
       requires_grad=True), Parameter containing:
tensor([ 0.0210, -0.0496,  0.0177,  0.0298, -0.0098,  0.0237, -0.0599,  0.0002,
         0.0417, -0.0211], requires_grad=True))